
Insertion sort
3200;461;266;304;266;384;320;247;244;236;259;
1600;119;64;63;59;66;113;61;70;58;73;
800;44;15;16;15;16;14;14;18;22;17;
400;14;3;4;3;5;3;7;6;6;3;
100;5;1;0;0;0;0;0;1;0;0;
200;4;1;0;1;2;1;1;2;2;1;

Quick sort
51200;198;198;194;235;197;228;199;210;164;187;
25600;115;86;80;85;97;89;69;70;77;76;
12800;53;35;34;38;38;40;30;29;29;30;
6400;20;15;12;12;18;23;12;12;13;14;
3200;13;6;7;7;7;6;5;6;5;6;
1600;6;3;2;3;3;3;3;2;2;2;
800;4;1;1;1;1;1;1;2;1;1;
102400;510;483;516;453;457;432;463;411;438;412;
100;1;0;0;0;0;0;0;0;0;0;
200;2;0;0;0;0;0;1;0;0;0;
400;2;0;0;1;0;1;0;0;1;1;

Collection sort
51200;136;121;122;122;126;126;109;113;113;110;
25600;104;81;60;56;60;64;54;53;53;56;
12800;48;26;27;28;36;27;24;25;26;25;
6400;20;11;13;13;14;15;11;11;13;11;
3200;8;5;6;6;6;5;5;5;5;5;
1600;7;3;2;2;3;2;2;2;2;3;
800;4;1;1;1;1;1;1;2;1;1;
102400;284;290;250;281;263;259;253;225;231;250;
204800;565;518;523;581;579;476;481;460;482;486;
100;1;0;0;0;0;0;0;0;0;0;
409600;1144;1052;1107;1032;1151;1025;1010;955;928;938;
200;0;0;0;1;0;0;0;0;0;0;
400;2;1;0;0;1;0;1;1;0;0;
Total duration tests: 62 seconds