
Insertion sort
3200;7225;7142;7340;7585;7567;7370;7703;7975;7404;7601;
1600;1877;2009;1880;2385;1793;1771;1845;2096;1753;1833;
800;443;600;420;466;422;415;469;545;510;443;
400;110;102;128;112;121;140;115;137;116;104;
100;6;7;7;9;9;7;7;9;9;7;
200;35;62;29;28;29;33;26;55;30;26;

Quick sort
51200;4086;3928;3543;3791;4293;3926;4051;4193;3782;3668;
25600;1876;1830;1786;1659;1884;2103;1862;1756;1744;1775;
12800;766;910;670;772;941;845;759;776;702;752;
6400;380;491;336;341;402;345;319;391;384;379;
3200;146;142;150;205;133;146;163;155;148;137;
1600;86;60;76;89;64;61;60;67;72;58;
800;27;32;31;27;24;26;25;54;36;29;
102400;9015;9297;8410;9209;8053;9458;8396;8843;9224;9406;
100;2;1;2;2;2;1;2;3;1;1;
200;5;12;4;10;5;5;4;7;5;4;
400;12;10;18;11;16;16;16;14;11;12;

Collection sort
51200;2196;2469;2111;2038;2135;2226;2094;2298;2413;2071;
25600;995;1027;1100;1039;980;1566;1085;1108;1051;1062;
12800;504;612;568;491;578;577;504;474;484;515;
6400;236;301;245;213;306;284;223;261;222;218;
3200;105;98;116;109;142;147;99;115;123;95;
1600;42;43;43;84;60;42;45;43;43;45;
800;18;19;19;20;19;18;18;23;19;18;
102400;4550;4292;4566;5346;4291;4386;4309;4589;4422;4341;
204800;8936;8984;9701;8851;9795;8981;8943;8973;9194;9065;
100;2;4;2;2;1;2;2;4;2;2;
409600;18206;17772;17880;18107;18353;18245;18032;17587;17553;16830;
200;3;6;4;4;4;3;4;5;3;3;
400;8;9;8;8;8;10;12;12;8;10;

Total duration tests: 975 seconds